LEARNING_RATE: 0.0008988007726171915
GAMMA: 0.954872241834736
TAU: 0.0047319267564757805
BATCH_SIZE: 32
DECAY_RATE: 0.9990380137841438
MIN_EPS: 0.025777941938316198
STARTING_EPS: 1.0
CAPACITY: 200000
NUM_STACK: 4
LIFE_LOST_PENALTY: -10.0
MISSED_SHOT_PENALTY: -1.0