LEARNING_RATE: 0.00010584194731067651
GAMMA: 0.975205044392991
TAU: 0.0006424208055603535
BATCH_SIZE: 128
DECAY_RATE: 0.9997168300719146
MIN_EPS: 0.08801026587815479
STARTING_EPS: 1.0
CAPACITY: 200000
FRAME_SKIP: 4
NUM_STACK: 4
LIFE_LOST_PENALTY: -10.0
MISSED_SHOT_PENALTY: -1.0