LEARNING_RATE: 0.0006242954602099615
GAMMA: 0.9373159876425649
TAU: 0.00010729736183970726
BATCH_SIZE: 32
DECAY_RATE: 0.9998478410891988
MIN_EPS: 0.09471484840478611
STARTING_EPS: 1.0
CAPACITY: 200000